01011010100000100111100110011001
01000111100011011101111001101110
01000001111110000011110110011010
01000000011111111000000011111101
01000000000111111111100000000011
01000000000001111111111110000000
01000000000000011111111111111000
01000000000000000111111111111111
01000000000000000001111111111111
01000000000000000000011111111111
01000000000000000000000111111111
01000000000000000000000001111111
01000000000000000000000000011111
01000000000000000000000000001000
01000000000000000000000000000010
01000000000000000000000000000000