00000000110110101000001001111001
00000000100110101000001001111001
00000000011011010100000100111100
00000000010011010100000100111100
00000000001101101010000010011110
00000000001001101010000010011110
00000000000110110101000001001111
00000000000100110101000001001111
00000000000011011010100000100111
00000000000010011010100000100111
00000000000001101101010000010011
00000000000001001101010000010011
00000000000000110110101000001001
00000000000000100110101000001001
00000000000000011011010100000100
00000000000000010011010100000100
00000000000000001101101010000010
00000000000000001001101010000010
00000000000000000110110101000001
00000000000000000100110101000001
00000000000000000011011010100000
00000000000000000010011010100000
00000000000000000001101101010000
00000000000000000001001101010000
00000000000000000000110110101000
00000000000000000000100110101000
00000000000000000000011011010100
00000000000000000000010011010100
00000000000000000000001101101010
00000000000000000000001001101010
00000000000000000000000110110101
00000000000000000000000100110101
